0.5	3319.43
1.5	373.34
2.5	299.425
3.5	294.29
4.5	359.225
5.5	425.21
6.5	508.23
7.5	496.605
8.5	491.565
9.5	502.485
10.5	432.71
11.5	420.34
12.5	458.69
13.5	398.82
14.5	347.825
15.5	448.335
16.5	354.875
17.5	421.38
18.5	372.38
19.5	417.4
20.5	418.74
21.5	399.055
22.5	484.495
23.5	576.915
24.5	614.73
25.5	478.615
26.5	482.79
27.5	417.125
28.5	499.25
29.5	481.88
30.5	448.73
31.5	454.765
32.5	460.92
33.5	497.135
34.5	526.53
35.5	687.43
36.5	730.265
37.5	442.595
38.5	392.79
39.5	369.89
40.5	355.92
41.5	415.81
42.5	423.645
43.5	348.995
44.5	346.78
45.5	405.575
46.5	324.435
47.5	316.74
48.5	366.85
49.5	317.69
50.5	338.435
51.5	388.32
52.5	393.26
53.5	384.755
54.5	377.965
55.5	409.025
56.5	342.255
57.5	369.95
58.5	327.02
59.5	322.995
60.5	331.395
61.5	378.135
62.5	338.805
63.5	278.675
64.5	330.585
65.5	370.105
66.5	370.52
67.5	345.21
68.5	394.7
69.5	419.25
70.5	412.865
71.5	392.27
72.5	361.82
73.5	386.945
74.5	317.275
75.5	336.71
76.5	309.63
77.5	300.915
78.5	326.645
79.5	348.85
80.5	361.72
81.5	372.505
82.5	371.59
83.5	395.215
84.5	401.53
85.5	392.32
86.5	340.72
87.5	404.355
88.5	380.805
89.5	401.875
90.5	361.52
91.5	331.925
92.5	430.545
93.5	451.635
94.5	430.505
95.5	529.09
96.5	606.01
97.5	762.85
98.5	944.585
99.5	1170.96
100.5	1240.53
101.5	1355.38
102.5	1412.77
103.5	1297.91
104.5	1272.97
105.5	1130.51
106.5	1003.31
107.5	906.185
108.5	815.725
109.5	731.72
110.5	749.8
111.5	678.095
112.5	691.55
113.5	680.17
114.5	762.285
115.5	877.02
116.5	950.905
117.5	1252.37
118.5	1707.89
119.5	2158.13
120.5	2640.11
121.5	3106.61
122.5	3605.26
123.5	4043.94
124.5	4290.09
125.5	4364.35
126.5	4460.46
127.5	4139.19
128.5	3990.88
129.5	3605.84
130.5	3147.14
131.5	2674.21
132.5	2355.49
133.5	1953.94
134.5	1769.41
135.5	1561.76
136.5	1304.97
137.5	1261.73
138.5	1254.77
139.5	1281.38
140.5	1342.56
141.5	1339.43
142.5	1416.87
143.5	1391.73
144.5	1329.01
145.5	1318.88
146.5	1240.26
147.5	1117.69
148.5	1201.78
149.5	1076.91
150.5	901.59
151.5	882.18
152.5	869.99
153.5	905.15
154.5	961.86
155.5	1010.52
156.5	1078.53
157.5	1192.07
158.5	1403.09
159.5	1505.57
160.5	1780.12
161.5	1980.97
162.5	2302.38
163.5	2565.03
164.5	2657.32
165.5	2807.68
166.5	2774.91
167.5	2934.22
168.5	2571.2
169.5	2517.74
170.5	2288.38
171.5	2098.52
172.5	1889.87
173.5	1741.16
174.5	1558.55
175.5	1423.82
176.5	1411.67
177.5	1272.77
178.5	1091.38
179.5	1096.38
180.5	1042.88
181.5	974.22
182.5	892.775
183.5	839.565
184.5	714.28
185.5	697.87
186.5	634
187.5	678.595
188.5	606.93
189.5	756.02
190.5	766.725
191.5	801.42
192.5	773.345
193.5	870.805
194.5	837.03
195.5	882.325
196.5	900.845
197.5	887.61
198.5	851.9
199.5	774.2
200.5	719.265
201.5	652.61
202.5	526.885
203.5	548.62
204.5	571.125
205.5	450.395
206.5	432.65
207.5	463.395
208.5	519.605
209.5	476.5
210.5	478.145
211.5	514.725
212.5	498.98
213.5	585.35
214.5	669.36
215.5	733.53
216.5	799.54
217.5	932.085
218.5	1029.59
219.5	1122.84
220.5	1158.45
221.5	1174.79
222.5	1265.98
223.5	1335.05
224.5	1323.64
225.5	1431.64
226.5	1259.61
227.5	1349.87
228.5	1194.38
229.5	1288.64
230.5	1185.95
231.5	1200.01
232.5	1180.66
233.5	1070.01
234.5	1086.07
235.5	1034.71
236.5	1043.12
237.5	968.445
238.5	945.975
239.5	910.035
240.5	971.145
241.5	871.49
242.5	828.89
243.5	862.28
244.5	987.64
245.5	935.55
246.5	835.6
247.5	912.29
248.5	934.745
249.5	1233.57
250.5	1355.86
251.5	1558.07
252.5	1685.85
253.5	1973.82
254.5	2111.89
255.5	2410.55
256.5	2632.32
257.5	2752.64
258.5	2836.34
259.5	2682.09
260.5	2775.46
261.5	2577.32
262.5	2357.4
263.5	2082.42
264.5	2055.73
265.5	1625.68
266.5	1419.26
267.5	1267.35
268.5	1018.59
269.5	1045.14
270.5	820.615
271.5	736.7
272.5	686.185
273.5	747.475
274.5	681.225
275.5	586.555
276.5	717.965
277.5	710.895
278.5	639.915
279.5	691.995
280.5	735.905
281.5	726.85
282.5	678.73
283.5	615.34
284.5	618.375
285.5	602.04
286.5	503.91
287.5	524.835
288.5	479.395
289.5	390.23
290.5	402.435
291.5	358.645
292.5	363.175
293.5	351.305
294.5	372.94
295.5	319.92
296.5	308.805
297.5	316.73
298.5	261.24
299.5	188.285
300.5	209.63
301.5	243.405
302.5	197.96
303.5	264.93
304.5	189.955
305.5	233.825
306.5	230.845
307.5	226.865
308.5	219.565
309.5	203.54
310.5	260.185
311.5	234.005
312.5	223.685
313.5	243.735
314.5	211.22
315.5	226.09
316.5	233.725
317.5	196.43
318.5	222.22
319.5	227.54
320.5	190.8
321.5	226.815
322.5	182.07
323.5	197.555
324.5	218.28
325.5	178.785
326.5	172.305
327.5	178.24
328.5	220.405
329.5	188.57
330.5	177.415
331.5	189.41
332.5	180.95
333.5	198.39
334.5	206.51
335.5	147.775
336.5	153.02
337.5	137.425
338.5	148.285
339.5	173.435
340.5	200.115
341.5	206.35
342.5	175.405
343.5	176.29
344.5	174.095
345.5	169.905
346.5	156.64
347.5	139.47
348.5	194.495
349.5	178.655
350.5	181.9
351.5	188.225
352.5	212.475
353.5	192.935
354.5	190.68
355.5	191.15
356.5	151.18
357.5	178.61
358.5	173.845
359.5	148.99
360.5	152.05
361.5	158.205
362.5	177.505
363.5	194.01
364.5	145.395
365.5	182.285
366.5	167.335
367.5	172.435
368.5	196.87
369.5	122.955
370.5	167.38
371.5	165.705
372.5	167.66
373.5	145.35
374.5	211.72
375.5	167.215
376.5	140.825
377.5	145.045
378.5	183.17
379.5	181.585
380.5	183.52
381.5	185.895
382.5	109.535
383.5	120.285
384.5	185.01
385.5	164.51
386.5	113.865
387.5	116.945
388.5	129.235
389.5	122.965
390.5	149.685
391.5	144.04
392.5	148.955
393.5	141.07
394.5	170.065
395.5	186.065
396.5	155.66
397.5	161.725
398.5	186.125
399.5	157.75
400.5	187.06
401.5	180.95
402.5	169.19
403.5	154.515
404.5	206.33
405.5	173.79
406.5	184.965
407.5	153.42
408.5	208.69
409.5	172.96
410.5	215.635
411.5	227.505
412.5	229.695
413.5	261.16
414.5	274.33
415.5	307.795
416.5	310.345
417.5	312.075
418.5	328.465
419.5	399.44
420.5	388.175
421.5	378.505
422.5	333.19
423.5	349.42
424.5	346.135
425.5	384.45
426.5	374.42
427.5	346.82
428.5	283.565
429.5	292.765
430.5	303.6
431.5	285.555
432.5	260.7
433.5	241.12
434.5	247.15
435.5	205.265
436.5	206.58
437.5	239.965
438.5	188.49
439.5	168.565
440.5	199.435
441.5	160.22
442.5	153.82
443.5	129.445
444.5	145.84
445.5	149.97
446.5	115.59
447.5	106.855
448.5	136.06
449.5	129.595
450.5	123.92
451.5	108.955
452.5	134.04
453.5	137.445
454.5	86.625
455.5	102.51
456.5	105.075
457.5	105.215
458.5	87.775
459.5	91.69
460.5	54.425
461.5	92.04
462.5	76.095
463.5	106.955
464.5	83.58
465.5	71.74
466.5	101.335
467.5	63.785
468.5	95.08
469.5	99.68
470.5	99.81
471.5	80.68
472.5	92.275
473.5	80.765
474.5	86.98
475.5	79.93
476.5	94.055
477.5	107.765
478.5	74.765
479.5	108.445
480.5	103.91
481.5	123.88
482.5	126.075
483.5	152.755
484.5	141.055
485.5	129.485
486.5	129.335
487.5	152.385
488.5	113.125
489.5	134.8
490.5	116.315
491.5	153.73
492.5	116.46
493.5	114.645
494.5	128.24
495.5	112.565
496.5	122.265
497.5	164.935
498.5	148.21
499.5	131.695
500.5	131.69
501.5	81.365
502.5	80.305
503.5	92.03
504.5	114.455
505.5	84.515
506.5	84.265
507.5	73.265
508.5	74.735
509.5	75.165
510.5	64.655
511.5	58.03
512.5	62.35
513.5	70.02
514.5	51.46
515.5	46.78
516.5	65.29
517.5	55.835
518.5	42.565
519.5	54.64
520.5	67.37
521.5	60.21
522.5	49.725
523.5	76.105
524.5	63.59
525.5	47.725
526.5	37.045
527.5	39.54
528.5	42.4
529.5	38.81
530.5	57.48
531.5	48.265
532.5	38.67
533.5	59.48
534.5	50.88
535.5	65.555
536.5	51.18
537.5	35.175
538.5	50.905
539.5	61.47
540.5	39.68
541.5	73.735
542.5	36.895
543.5	52.73
544.5	44.515
545.5	35.835
546.5	34.76
547.5	52.19
548.5	30.65
549.5	48.215
550.5	54.49
551.5	50.405
552.5	45.625
553.5	36.08
554.5	56.78
555.5	68.075
556.5	76.975
557.5	51.3
558.5	44.11
559.5	50.245
560.5	74.135
561.5	59.68
562.5	49.455
563.5	46.465
564.5	61.275
565.5	58.405
566.5	51.405
567.5	58.95
568.5	47.435
569.5	80.49
570.5	65.355
571.5	56.115
572.5	62.765
573.5	62.52
574.5	76.84
575.5	63.565
576.5	70.565
577.5	74.515
578.5	77.705
579.5	76.68
580.5	64.44
581.5	67.005
582.5	90.115
583.5	89.575
584.5	93.765
585.5	81.475
586.5	83.045
587.5	106.17
588.5	95.61
589.5	81.775
590.5	92.12
591.5	88.83
592.5	74.1
593.5	85.4
594.5	94.025
595.5	107.83
596.5	81.94
597.5	79.855
598.5	63.295
599.5	60.43
600.5	96.64
601.5	65.235
602.5	81.935
603.5	61.525
604.5	100.015
605.5	55.395
606.5	57.255
607.5	57.77
608.5	60.055
609.5	58.195
610.5	52.955
611.5	66.835
612.5	49.32
613.5	31.215
614.5	25.975
615.5	43.235
616.5	38.13
617.5	20.48
618.5	35.905
619.5	42.045
620.5	32.66
621.5	38.04
622.5	29.745
623.5	25.335
624.5	32.605
625.5	13.93
626.5	28.085
627.5	27.545
628.5	30.92
629.5	23.11
630.5	22.435
631.5	11.84
632.5	12.975
633.5	13.16
634.5	12.32
635.5	10.425
636.5	9.97
637.5	6.48
638.5	8.75
639.5	22.56
640.5	16.125
641.5	6.53
642.5	6.585
643.5	11.69
644.5	8.555
645.5	10.58
646.5	8.905
647.5	6.525
648.5	11.715
649.5	12.74
650.5	12.875
651.5	6.335
652.5	-2.855
653.5	4.795
654.5	9.17
655.5	6.98
656.5	-1.695
657.5	8.385
658.5	2.385
659.5	7.87
660.5	0.925
661.5	0.655
662.5	6.545
663.5	1.925
664.5	6.545
665.5	5.79
666.5	4.735
667.5	-2.59
668.5	1.545
669.5	3.005
670.5	10.41
671.5	3.41
672.5	5.465
673.5	2.22
674.5	3.57
675.5	2.22
676.5	-1.455
677.5	2.14
678.5	5.895
679.5	-1.05
680.5	4.005
681.5	7.95
682.5	2.545
683.5	3.3
684.5	6.735
685.5	1.41
686.5	3.76
687.5	6.84
688.5	0.355
689.5	0.275
690.5	5.625
691.5	2.165
692.5	2.165
693.5	1.22
694.5	4.84
695.5	-1.995
696.5	0.95
697.5	4.355
698.5	3.3
699.5	2.22
700.5	-1.78
701.5	1.03
702.5	-0.51
703.5	2.3
704.5	6.895
705.5	1.76
706.5	3.03
707.5	1.435
708.5	2.355
709.5	0.975
710.5	3.895
711.5	0.57
712.5	0.76
713.5	-1.645
714.5	1.435
715.5	0.11
716.5	3.49
717.5	-0.43
718.5	-0.16
719.5	0.705
720.5	2.11
721.5	2.38
722.5	0.245
723.5	0.11
724.5	0.57
725.5	-0.16
726.5	2.245
727.5	2.055
728.5	0.785
729.5	-2.16
730.5	1.11
731.5	-1.295
732.5	5.435
733.5	0.435
734.5	0.57
735.5	5.11
736.5	-1.295
737.5	2.515
738.5	1.11
739.5	0.11
740.5	2.38
741.5	3.65
742.5	3.705
743.5	0.65
744.5	5.11
745.5	5.11
746.5	3.84
747.5	-1.7
748.5	6.245
749.5	0.3
750.5	-0.16
751.5	3.92
752.5	0.65
753.5	0.38
754.5	0.245
755.5	0.92
756.5	3.245
757.5	1.245
758.5	0.38
759.5	0.84
760.5	1.515
761.5	0.245
762.5	-0.7
763.5	0.785
764.5	-0.295
765.5	6.975
766.5	0.65
767.5	-0.295
768.5	0.84
769.5	3.785
770.5	5.785
771.5	2.65
772.5	6.785
773.5	2.84
774.5	4.19
775.5	0.245
776.5	4.785
777.5	7.11
778.5	1.975
779.5	5.975
780.5	-1.08
781.5	4.705
782.5	-0.35
783.5	2.38
784.5	2.84
785.5	2.055
786.5	8.38
787.5	7.38
788.5	0.515
789.5	-0.295
790.5	1.785
791.5	0.65
792.5	0.38
793.5	0.38
794.5	3.245
795.5	3.11
796.5	1.92
797.5	2.38
798.5	0.785
799.5	4.515
800.5	1.515
801.5	2.38
802.5	2.3
803.5	7.325
804.5	0.65
805.5	4.975
806.5	3.57
807.5	0.38
808.5	4.515
809.5	3.975
810.5	4.65
811.5	0.245
812.5	1.84
813.5	3.65
814.5	-0.755
815.5	-0.35
816.5	2.38
817.5	-0.62
818.5	5.245
819.5	1.38
820.5	2.055
821.5	0.38
822.5	1.11
823.5	-0.025
824.5	5.515
825.5	-1.43
826.5	-0.16
827.5	3.245
828.5	-0.35
829.5	3.38
830.5	-0.295
831.5	7.245
832.5	4.65
833.5	0.245
834.5	0.515
835.5	4.245
836.5	0.38
837.5	4.055
838.5	0.92
839.5	3.245
840.5	-1.16
841.5	1.11
842.5	1.245
843.5	2.785
844.5	-0.62
845.5	1.515
846.5	-0.81
847.5	3.92
848.5	-0.08
849.5	1.785
850.5	1.245
851.5	4.785
852.5	1.38
853.5	-0.16
854.5	0.785
855.5	0.785
856.5	0.785
857.5	-0.62
858.5	2.38
859.5	3.245
860.5	4.245
861.5	3.92
862.5	3.84
863.5	-1.35
864.5	-0.215
865.5	2.38
866.5	0.38
867.5	0.785
868.5	0.84
869.5	0.245
870.5	1.245
871.5	2.11
872.5	0.92
873.5	1.92
874.5	-1.35
875.5	-1.89
876.5	2.92
877.5	0.785
878.5	-0.35
879.5	2.515
880.5	-0.485
881.5	2.785
882.5	4.325
883.5	0.65
884.5	1.19
885.5	0.38
886.5	0.785
887.5	-0.215
888.5	1.92
889.5	0.975
890.5	1.92
891.5	-0.08
892.5	-0.62
893.5	0.65
894.5	0.515
895.5	4.19
896.5	-0.215
897.5	0.19
898.5	-2.16
899.5	0.055
900.5	1.055
901.5	2.785
902.5	2.11
903.5	-1.755
904.5	-0.485
905.5	2.325
906.5	0.11
907.5	3.19
908.5	-1.08
909.5	1.785
910.5	-0.675
911.5	2.19
912.5	5.595
913.5	1.245
914.5	0.19
915.5	-0.62
916.5	1.92
917.5	1.38
918.5	-1.215
919.5	1.92
920.5	4.595
921.5	0.38
922.5	-0.54
923.5	1.46
924.5	3.325
925.5	1.65
926.5	1.055
927.5	1.46
928.5	-1.485
929.5	0.055
930.5	0.38
931.5	-0.08
932.5	-0.35
933.5	2.38
934.5	-0.16
935.5	-0.62
936.5	0.38
937.5	1.19
938.5	1.055
939.5	-0.755
940.5	-0.215
941.5	-0.485
942.5	0.19
943.5	2.46
944.5	2.055
945.5	4.19
946.5	0.055
947.5	1.84
948.5	-0.485
949.5	3.325
950.5	-0.215
951.5	2.325
952.5	3.19
953.5	0.325
954.5	0.92
955.5	-0.08
956.5	1.65
957.5	0.19
958.5	-0.485
959.5	0.785
960.5	1.785
961.5	0.055
962.5	-1.35
963.5	1.785
964.5	-0.675
965.5	0.325
966.5	-1.215
967.5	-0.81
968.5	0.325
969.5	2.785
970.5	-0.35
971.5	4.595
972.5	1.46
973.5	1.325
974.5	3.19
975.5	0.46
976.5	-0.675
977.5	0.19
978.5	0.46
979.5	2.055
980.5	1.46
981.5	0.325
982.5	0.19
983.5	0.325
984.5	1.46
985.5	-0.81
986.5	0.19
987.5	0.46
988.5	0.73
989.5	-0.405
990.5	-0.215
991.5	-0.675
992.5	2.73
993.5	0.325
994.5	-0.54
995.5	3.595
996.5	-0.675
997.5	-0.54
998.5	0.46
999.5	-0.945
1000.5	0.19
1001.5	-0.81
1002.5	2.46
1003.5	-0.945
1004.5	1.19
1005.5	0.595
1006.5	-0.54
1007.5	2.73
1008.5	1
1009.5	-0.54
1010.5	0.865
1011.5	1.73
1012.5	0.19
1013.5	3.73
1014.5	-0.215
1015.5	0.325
1016.5	-0.27
1017.5	-0.54
1018.5	-0.35
1019.5	-0.405
1020.5	-0.81
1021.5	1.46
1022.5	0.73
1023.5	-0.405
